Mae4: 766770.6086900611
Mae7: 1294826.094384215
Mae30: 4890328.945071125
